# Output type: block-level
# Input files: 0002
# Target depth: 10
# Num files: 36
# Num directories: 29
# Num Blocks: 268
F,0,002_281474976710693,0,11,0,16046,1,4096,2,4096,3,4290,4,57058,5,29333,6,13107,7,6447,8,52019,9,26360,10,2386,
F,1,002_281474976710692,1,5,33,4096,34,4096,35,4096,36,4096,37,4096,
F,2,002_281474976710729,2,14,20,41137,21,58808,22,11714,23,5068,24,46202,25,16669,26,4096,27,34604,28,8231,29,4294,30,7525,31,47754,1,4096,32,10956,
F,3,002_281474976710697,2,16,19,4096,1,4096,1,4096,1,4096,1,4096,1,4096,1,4096,1,4096,1,4096,1,4096,1,4096,1,4096,1,4096,1,4096,1,4096,1,4096,
F,4,002_281474976710753,2,5,16,7875,17,5430,18,4096,15,4096,1,4096,
F,5,002_281474976710752,2,6,11,4096,12,6851,13,4603,14,4923,15,4096,1,4096,
F,6,002_281474976710751,3,1,267,51712,
F,7,002_281474976710749,4,1,266,51712,
F,8,002_281474976710747,5,1,265,53248,
F,9,002_281474976710745,6,1,264,67584,
F,10,002_281474976710743,7,1,263,67584,
F,11,002_281474976710741,8,1,262,69120,
F,12,002_281474976710739,9,1,261,69632,
F,13,002_281474976710737,10,1,260,69632,
F,14,002_281474976710735,11,3,257,23933,258,16192,259,30019,
F,15,002_281474976710733,12,1,256,70144,
F,16,002_281474976710731,13,1,255,67584,
F,17,002_281474976710728,14,1,254,56832,
F,18,002_281474976710726,15,2,252,35193,253,21127,
F,19,002_281474976710724,16,1,251,70144,
F,20,002_281474976710722,17,1,250,70144,
F,21,002_281474976710720,18,1,249,72192,
F,22,002_281474976710718,19,1,248,47452,
F,23,002_281474976710717,19,39,209,82973,210,6335,211,20245,212,6202,213,13107,214,10193,215,64324,216,66739,217,10810,218,89293,219,11941,220,12885,221,86361,222,57294,223,30695,224,87329,225,21882,226,13107,227,16806,228,4160,229,64162,230,75226,231,28073,232,51878,233,32159,234,30945,235,75953,236,71752,237,39716,238,85714,239,69624,240,65098,241,32830,242,75002,243,49739,244,77204,245,11127,246,48627,247,22594,
F,24,002_281474976710716,19,39,171,63485,172,11570,173,14835,174,4096,1,4096,175,13107,176,23316,177,24608,178,6400,179,11151,180,15402,181,12127,182,16573,183,84829,184,13107,185,18146,186,7759,187,29495,188,30691,189,13107,190,22849,191,13107,192,38450,193,82308,194,9733,195,41435,196,13107,197,17238,198,40521,199,25951,200,30435,201,56182,202,67827,203,10456,204,13107,205,6928,206,6899,207,11296,208,39521,
F,25,002_281474976710715,19,61,110,11554,111,13107,112,13107,113,10525,114,18662,115,40256,116,13107,117,39928,118,5740,119,5171,120,49340,121,45456,122,27926,123,31506,124,13297,125,40273,126,44671,127,31230,128,44062,129,86849,130,29214,131,5701,132,13107,133,58160,134,13107,135,13107,136,13107,137,71125,138,99285,139,14689,140,25277,141,19584,142,21002,143,60168,144,32362,145,22680,146,7042,147,13107,148,8262,149,60745,150,83394,151,37515,152,17099,153,13107,154,48623,155,18852,156,12218,157,13107,158,18585,159,82090,160,13107,161,13107,162,8297,163,99124,164,13007,165,13107,166,61451,167,28808,168,65735,169,23562,170,46979,
F,26,002_281474976710714,19,61,49,11533,50,12554,51,13107,52,13107,53,19319,54,14273,55,64070,56,37050,57,11418,58,37653,59,28226,60,67014,61,10831,62,82890,63,33358,64,45310,65,44580,66,40590,67,24366,68,96180,69,13107,70,13107,71,30326,72,30922,73,71877,74,61297,75,13107,76,49092,77,5103,78,12716,79,13107,80,97693,81,13522,82,43928,83,62333,84,30846,85,6966,86,35367,87,36713,88,50172,89,21425,90,72172,91,46604,92,11310,93,14854,94,33217,95,81645,96,57648,97,79583,98,53494,99,9122,100,19574,101,16389,102,9734,103,12980,104,32013,105,10357,106,74217,107,80748,108,64844,109,56751,
F,27,002_281474976710712,20,2,47,47014,48,21082,
F,28,002_281474976710710,21,1,46,69632,
F,29,002_281474976710708,22,1,45,36352,
F,30,002_281474976710707,22,1,44,66560,
F,31,002_281474976710705,23,1,43,73216,
F,32,002_281474976710703,24,1,42,70656,
F,33,002_281474976710701,25,2,40,26895,41,40177,
F,34,002_281474976710699,26,1,39,68096,
F,35,002_281474976710756,28,1,38,129,
B,0,481e9298c1,1,0,
B,1,zzzzzzzzzzzz,6,0,2,3,4,5,24,
B,2,e5b9fc1cdd,1,0,
B,3,4cc504c05a,1,0,
B,4,6332de7e86,1,0,
B,5,aef6f6393b,1,0,
B,6,594e130747,1,0,
B,7,f41ec49c57,1,0,
B,8,25f5265eb9,1,0,
B,9,8d2ba42417,1,0,
B,10,050d8a1e68,1,0,
B,11,501021778e,1,5,
B,12,6d6c6d129d,1,5,
B,13,fddf056a15,1,5,
B,14,e7bb637d4e,1,5,
B,15,170903ada0,2,4,5,
B,16,1c70c6cc45,1,4,
B,17,2f4f4e147e,1,4,
B,18,b872d19415,1,4,
B,19,233b8ebffc,1,3,
B,20,ff22639afb,1,2,
B,21,8603574fbf,1,2,
B,22,c785d94c5e,1,2,
B,23,6f2a006e51,1,2,
B,24,ab9b379124,1,2,
B,25,2ee644eafe,1,2,
B,26,91a43d78b6,1,2,
B,27,9c8ebc0ba6,1,2,
B,28,47da396d3f,1,2,
B,29,3999dba162,1,2,
B,30,6dc25d29f2,1,2,
B,31,be8381d5c9,1,2,
B,32,6c2cb832f5,1,2,
B,33,e90ec140af,1,1,
B,34,7d3510fe1f,1,1,
B,35,ad0341a0bd,1,1,
B,36,9e9f0dcdea,1,1,
B,37,0f5a9b985d,1,1,
B,38,a2da1e76df,1,35,
B,39,4ce41eab6f,1,34,
B,40,2e2ca78e8c,1,33,
B,41,f5a17501cc,1,33,
B,42,0ed2494e94,1,32,
B,43,6e8f19f2fe,1,31,
B,44,debcbe02f1,1,30,
B,45,ef91eae9b4,1,29,
B,46,b94dd81e35,1,28,
B,47,b7f46d244b,1,27,
B,48,b7d7e336ff,1,27,
B,49,28e74d57ff,1,26,
B,50,b4ff62218c,1,26,
B,51,0dda26a298,1,26,
B,52,6ad3bdfbad,1,26,
B,53,11adaae76b,1,26,
B,54,1318e41441,1,26,
B,55,b529dbe416,1,26,
B,56,e5291633ff,1,26,
B,57,6f40eabcaa,1,26,
B,58,7a94b7af09,1,26,
B,59,d2095950eb,1,26,
B,60,9b3ae51eb1,1,26,
B,61,1f4a42cd37,1,26,
B,62,c26647edce,1,26,
B,63,a9943d45fd,1,26,
B,64,598ba8bb1d,1,26,
B,65,54745d902b,1,26,
B,66,8ec093ad3f,1,26,
B,67,9096669e91,1,26,
B,68,19bb77efe4,1,26,
B,69,3ea072d848,1,26,
B,70,bc2069c63c,1,26,
B,71,f4c36719e2,1,26,
B,72,8eba21c95f,1,26,
B,73,e4457c0911,1,26,
B,74,e398b47f57,1,26,
B,75,bd3b109c03,1,26,
B,76,86b293eea5,1,26,
B,77,9029760f86,1,26,
B,78,ed72e49755,1,26,
B,79,25b3562e61,1,26,
B,80,b99db6cf5a,1,26,
B,81,ed3574e4f0,1,26,
B,82,64ef240613,1,26,
B,83,d2d2ef6fa2,1,26,
B,84,df5ec69e80,1,26,
B,85,34429c8677,1,26,
B,86,ab323d3076,1,26,
B,87,152369822e,1,26,
B,88,9b6d5a4d68,1,26,
B,89,346f6c6853,1,26,
B,90,f1306f8435,1,26,
B,91,74fcbbcfdb,1,26,
B,92,ee7337fa1e,1,26,
B,93,7b7e7ae81b,1,26,
B,94,d9f8371ff3,1,26,
B,95,bde401924d,1,26,
B,96,eb327b8623,1,26,
B,97,91ac2ccfad,1,26,
B,98,7ea07fb393,1,26,
B,99,1f944098e9,1,26,
B,100,fbe28f2f71,1,26,
B,101,1046ca0026,1,26,
B,102,3549c25a70,1,26,
B,103,43ed5ca73a,1,26,
B,104,c408f737ae,1,26,
B,105,3fc0581af1,1,26,
B,106,6308f5b110,1,26,
B,107,73f3151bdf,1,26,
B,108,09697bb7e8,1,26,
B,109,83fb05370d,1,26,
B,110,18b46c49fa,1,25,
B,111,bc2a13f980,1,25,
B,112,12d66c556f,1,25,
B,113,e4883e3133,1,25,
B,114,42fcd310a8,1,25,
B,115,cce427c122,1,25,
B,116,0e52bea3db,1,25,
B,117,0b0eb86d59,1,25,
B,118,c447112a2e,1,25,
B,119,d1337a9b50,1,25,
B,120,c2ecf3471d,1,25,
B,121,82224e9ce1,1,25,
B,122,5300dda5fd,1,25,
B,123,81f74e8c0e,1,25,
B,124,f4c6d5faa8,1,25,
B,125,eb82979dba,1,25,
B,126,bbffa298d0,1,25,
B,127,a2c26c4646,1,25,
B,128,74948913ba,1,25,
B,129,d33e37385f,1,25,
B,130,943409c79c,1,25,
B,131,a8711391bb,1,25,
B,132,1e599997c4,1,25,
B,133,350e42c075,1,25,
B,134,770c9357bc,1,25,
B,135,6e4deb77e6,1,25,
B,136,d23554a378,1,25,
B,137,052fe53718,1,25,
B,138,ce56151bdd,1,25,
B,139,166d91705b,1,25,
B,140,a628d503f2,1,25,
B,141,2f0527b3bb,1,25,
B,142,4fbc42f5e6,1,25,
B,143,be9448de11,1,25,
B,144,760e72db8d,1,25,
B,145,452355c406,1,25,
B,146,cf97a655f0,1,25,
B,147,03de209f9e,1,25,
B,148,1a327409a3,1,25,
B,149,3709f6c360,1,25,
B,150,aa3273db27,1,25,
B,151,39c8adf961,1,25,
B,152,8d71d4e1d6,1,25,
B,153,899b39f697,1,25,
B,154,2b505f6339,1,25,
B,155,16dd2b55ed,1,25,
B,156,8411fb397b,1,25,
B,157,b35ccaa53b,1,25,
B,158,aed321ac13,1,25,
B,159,909603af65,1,25,
B,160,ad4d5fa5bf,1,25,
B,161,4c42f6df95,1,25,
B,162,dafa59f008,1,25,
B,163,73f1bae04e,1,25,
B,164,d78deb50dd,1,25,
B,165,9e7e2e89be,1,25,
B,166,83d72d81e4,1,25,
B,167,62cd058552,1,25,
B,168,545cf93210,1,25,
B,169,bc6d1643e3,1,25,
B,170,866b944e7b,1,25,
B,171,7ab4bf74f2,1,24,
B,172,9fd299304c,1,24,
B,173,060a700268,1,24,
B,174,f1d6074b90,1,24,
B,175,7d7c54798d,1,24,
B,176,14b08d5867,1,24,
B,177,aea7d88d0f,1,24,
B,178,81aabf79c3,1,24,
B,179,e6a873858f,1,24,
B,180,e5932b68da,1,24,
B,181,b35084ab0f,1,24,
B,182,e2d8093a14,1,24,
B,183,756a043f54,1,24,
B,184,298f7a63a1,1,24,
B,185,abe46547d3,1,24,
B,186,9f544d6f47,1,24,
B,187,43008a4e31,1,24,
B,188,c495e6ac52,1,24,
B,189,5bb999c4be,1,24,
B,190,efac6698a8,1,24,
B,191,16afb8b5dc,1,24,
B,192,701980402e,1,24,
B,193,c1434de911,1,24,
B,194,e77c6f1389,1,24,
B,195,c91c7e1175,1,24,
B,196,c2ac4c27ec,1,24,
B,197,3e496cc383,1,24,
B,198,ed57f61139,1,24,
B,199,e496cbc0ff,1,24,
B,200,c837f26cd5,1,24,
B,201,c8ee070cc1,1,24,
B,202,e6af530069,1,24,
B,203,f7c0643a6a,1,24,
B,204,313420975c,1,24,
B,205,8e5453d7a9,1,24,
B,206,ee988d6869,1,24,
B,207,8fe3b2bd0a,1,24,
B,208,bbbfc33b74,1,24,
B,209,da40a30438,1,23,
B,210,c04183edfb,1,23,
B,211,316ee8a2e6,1,23,
B,212,db1cd4b022,1,23,
B,213,a687fad2da,1,23,
B,214,c5b9f12680,1,23,
B,215,4f2176819d,1,23,
B,216,ef8ca517b7,1,23,
B,217,24664f77a5,1,23,
B,218,14e881463e,1,23,
B,219,e74290e00c,1,23,
B,220,f6d6ca63a5,1,23,
B,221,387ebccc1c,1,23,
B,222,8ff3331185,1,23,
B,223,f64ed73570,1,23,
B,224,3e89deee8f,1,23,
B,225,0bb9138d8b,1,23,
B,226,5e71a20be5,1,23,
B,227,d6b1edeff1,1,23,
B,228,0f2133223e,1,23,
B,229,ac2f82a226,1,23,
B,230,8d95741513,1,23,
B,231,0eff5cf3df,1,23,
B,232,13a4a042d7,1,23,
B,233,8a4dc83f84,1,23,
B,234,9038de15d0,1,23,
B,235,43a6bd0b13,1,23,
B,236,fa6cad82b4,1,23,
B,237,887aec9224,1,23,
B,238,c78ac64aaf,1,23,
B,239,6be497d604,1,23,
B,240,8fc316896f,1,23,
B,241,606f8edeac,1,23,
B,242,817a47e3f5,1,23,
B,243,43bfc30b02,1,23,
B,244,7e62f4e4aa,1,23,
B,245,bbb47264f7,1,23,
B,246,1b65ac2218,1,23,
B,247,b133ccecef,1,23,
B,248,844536bf98,1,22,
B,249,bb5d91da27,1,21,
B,250,ca0e50c02a,1,20,
B,251,81e8f057a4,1,19,
B,252,0b52718c22,1,18,
B,253,12e42c57da,1,18,
B,254,577facd9f5,1,17,
B,255,847e285f42,1,16,
B,256,fed24f2b40,1,15,
B,257,85eb675529,1,14,
B,258,9fbf1806a1,1,14,
B,259,4dbc965f61,1,14,
B,260,d4969996d2,1,13,
B,261,e4fc8eb83c,1,12,
B,262,97359376ad,1,11,
B,263,539e77380f,1,10,
B,264,95a1833bfd,1,9,
B,265,69fae81099,1,8,
B,266,ab66e10234,1,7,
B,267,ddff414733,1,6,
R,0,002_root,0,4,1,0,1,2,27,0,
D,1,002_281474976710691,0,0,1,1,
D,2,002_281474976710694,0,24,4,3,4,5,6,7,8,9,10,11,12,13,14,15,16,17,18,19,20,21,22,23,24,25,26,2,3,4,5,
D,3,002_281474976710750,2,0,1,6,
D,4,002_281474976710748,2,0,1,7,
D,5,002_281474976710746,2,0,1,8,
D,6,002_281474976710744,2,0,1,9,
D,7,002_281474976710742,2,0,1,10,
D,8,002_281474976710740,2,0,1,11,
D,9,002_281474976710738,2,0,1,12,
D,10,002_281474976710736,2,0,1,13,
D,11,002_281474976710734,2,0,1,14,
D,12,002_281474976710732,2,0,1,15,
D,13,002_281474976710730,2,0,1,16,
D,14,002_281474976710727,2,0,1,17,
D,15,002_281474976710725,2,0,1,18,
D,16,002_281474976710723,2,0,1,19,
D,17,002_281474976710721,2,0,1,20,
D,18,002_281474976710719,2,0,1,21,
D,19,002_281474976710713,2,0,5,22,23,24,25,26,
D,20,002_281474976710711,2,0,1,27,
D,21,002_281474976710709,2,0,1,28,
D,22,002_281474976710706,2,0,2,29,30,
D,23,002_281474976710704,2,0,1,31,
D,24,002_281474976710702,2,0,1,32,
D,25,002_281474976710700,2,0,1,33,
D,26,002_281474976710698,2,0,1,34,
D,27,002_42502721483309154,0,1,0,28,
D,28,002_281474976710755,27,0,1,35,
